 58.53         2000.01      
 59.77         2000.02      
 64.6          2000.03      
 62.19         2000.04      
 67.99         2000.05      
 64.27         2000.06      
 58.89         2000.07      
 64.83         2000.08      
 67.47         2000.09      
 76.21         2000.1       
 73.74         2000.11      
 70.37         2000.12      
 67.7          2001.01      
 63.74         2001.02      
 72.36         2001.03      
 65.98         2001.04      
 70.14         2001.05      
 70.35         2001.06      
 66.64         2001.07      
 72.61         2001.08      
 74.02         2001.09      
 79.01         2001.1       
 76.1          2001.11      
 72.27         2001.12      
 71.61         2002.01      
 67.23         2002.02      
 73.82         2002.03      
 70.83         2002.04      
 71.38         2002.05      
 70.43         2002.06      
 70.72         2002.07      
 70.64         2002.08      
 75.51         2002.09      
 82.11         2002.1       
 74.34         2002.11      
 76.25         2002.12      
 74.45         2003.01      
 71.07         2003.02      
 73.3          2003.03      
 73.84         2003.04      
 69.03         2003.05      
 71.06         2003.06      
 71.9          2003.07      
 68.97         2003.08      
 77.25         2003.09      
 82.77         2003.1       
 73.99         2003.11      
 77.6          2003.12      
 72.31         2004.01      
 70.66         2004.02      
 81.05         2004.03      
 76.4          2004.04      
 72.25         2004.05      
 79.49         2004.06      
 73.28         2004.07      
 74.51         2004.08      
 82.7          2004.09      
 83.83         2004.1       
 81.64         2004.11      
 85.48         2004.12      
 76.69         2005.01      
 71.76         2005.02      
 80.17         2005.03      
 76.79         2005.04      
 76.09         2005.05      
 80.68         2005.06      
 71.33         2005.07      
 80.86         2005.08      
 84.97         2005.09      
 84.46         2005.1       
 87.71         2005.11      
 87.71         2005.12      
 80.21         2006.01      
 74.39         2006.02      
 85.79         2006.03      
 76.97         2006.04      
 84.48         2006.05      
 83.62         2006.06      
 77.7          2006.07      
 85.69         2006.08      
 87.94         2006.09      
 93.68         2006.1       
 92.27         2006.11      
 87.04         2006.12      
 89.1          2007.01      
 81.25         2007.02      
 92.69         2007.03      
 83.87         2007.04      
 87.3          2007.05      
 89.13         2007.06      
 86.93         2007.07      
 91.69         2007.08      
 93.02         2007.09      
 105.28        2007.1       
 101.62        2007.11      
 94.19         2007.12      
 100.54        2008.01      
 95.75         2008.02      
 95.81         2008.03      
 102.12        2008.04      
 96.02         2008.05      
 96.79         2008.06      
 98.92         2008.07      
 93.42         2008.08      
 105.55        2008.09      
 110.91        2008.1       
 98.6          2008.11      
 102.56        2008.12      
 93.49         2009.01      
 90.81         2009.02      
 99.71         2009.03      
 97.75         2009.04      
 91.07         2009.05      
 98.14         2009.06      
 95.97         2009.07      
 93.52         2009.08      
 101.18        2009.09      
 105.2         2009.1       
 98.93         2009.11      
 101.29        2009.12      
 92.1          2010.01      
 90.68         2010.02      
 105.36        2010.03      
 98.23         2010.04      
 92.55         2010.05      
 101.28        2010.06      
 93.44         2010.07      
 98.22         2010.08      
 104.37        2010.09      
 107.07        2010.1       
 107.86        2010.11      
 108.84        2010.12      
 100.03        2011.01      
 96.64         2011.02      
 109.22        2011.03      
 99.97         2011.04      
 104.91        2011.05      
 100.19        2011.06      
 94.25         2011.07      
 105.51        2011.08      
 110.59        2011.09      
 110.99        2011.1       
 109.81        2011.11      
 108.45        2011.12      
 100.92        2012.01      
 98.46         2012.02      
 106.06        2012.03      
 97.16         2012.04      
 103.13        2012.05      
 102.89        2012.06      
 99.46         2012.07      
 104.27        2012.08      
 102.42        2012.09      
 116.65        2012.1       
 109.5         2012.11      
 101.12        2012.12      
 104.25        2013.01      
 96.89         2013.02      
 103.84        2013.03      
 103.53        2013.04      
 105.07        2013.05      
 98.56         2013.06      
 104.78        2013.07      
 100.37        2013.08      
 103.56        2013.09      
 113.79        2013.1       
 104.65        2013.11      
