 39.09         2000.01      
 48.74         2000.02      
 54.03         2000.03      
 49.72         2000.04      
 52.87         2000.05      
 54.65         2000.06      
 54.23         2000.07      
 58.27         2000.08      
 57.55         2000.09      
 64.21         2000.1       
 55.95         2000.11      
 65.69         2000.12      
 45.29         2001.01      
 46.89         2001.02      
 56.96         2001.03      
 51.37         2001.04      
 58.43         2001.05      
 53.24         2001.06      
 51.42         2001.07      
 53.44         2001.08      
 58.55         2001.09      
 61.6          2001.1       
 64.83         2001.11      
 55.39         2001.12      
 52.9          2002.01      
 50.4          2002.02      
 58.04         2002.03      
 59.93         2002.04      
 57.64         2002.05      
 58.64         2002.06      
 57.04         2002.07      
 59.33         2002.08      
 63.21         2002.09      
 63.43         2002.1       
 67.6          2002.11      
 61.7          2002.12      
 55.01         2003.01      
 55.2          2003.02      
 63.4          2003.03      
 64.9          2003.04      
 67.67         2003.05      
 75.72         2003.06      
 75.46         2003.07      
 68.83         2003.08      
 75.57         2003.09      
 78.2          2003.1       
 71.99         2003.11      
 77.07         2003.12      
 64.76         2004.01      
 64.12         2004.02      
 81.48         2004.03      
 76.47         2004.04      
 74.34         2004.05      
 79.78         2004.06      
 77.88         2004.07      
 85.64         2004.08      
 87.72         2004.09      
 85.92         2004.1       
 84.88         2004.11      
 86.06         2004.12      
 68.94         2005.01      
 72.96         2005.02      
 81.29         2005.03      
 78.42         2005.04      
 79.62         2005.05      
 88.98         2005.06      
 87.04         2005.07      
 94.27         2005.08      
 95.24         2005.09      
 94.14         2005.1       
 92.24         2005.11      
 96.9          2005.12      
 70.08         2006.01      
 66.7          2006.02      
 78.5          2006.03      
 81.82         2006.04      
 99.12         2006.05      
 91.76         2006.06      
 85.65         2006.07      
 98.79         2006.08      
 109.5         2006.09      
 106.5         2006.1       
 108.3         2006.11      
 101.49        2006.12      
 76.37         2007.01      
 83.12         2007.02      
 98.71         2007.03      
 96.84         2007.04      
 100.7         2007.05      
 103.3         2007.06      
 107.07        2007.07      
 110.51        2007.08      
 105.16        2007.09      
 114.21        2007.1       
 105.01        2007.11      
 103.88        2007.12      
 90.28         2008.01      
 88.12         2008.02      
 99.18         2008.03      
 100.39        2008.04      
 100.36        2008.05      
 106.11        2008.06      
 110.24        2008.07      
 107.87        2008.08      
 115.85        2008.09      
 122.24        2008.1       
 112.1         2008.11      
 112.71        2008.12      
 83.86         2009.01      
 87.98         2009.02      
 94.08         2009.03      
 94.51         2009.04      
 90.64         2009.05      
 99.4          2009.06      
 101.46        2009.07      
 95.54         2009.08      
 100.17        2009.09      
 100.52        2009.1       
 98.45         2009.11      
 105.84        2009.12      
 78.28         2010.01      
 81.46         2010.02      
 95.28         2010.03      
 89.44         2010.04      
 102.32        2010.05      
 108.07        2010.06      
 101.29        2010.07      
 104.21        2010.08      
 113.73        2010.09      
 106.09        2010.1       
 111.24        2010.11      
 108.58        2010.12      
 84.03         2011.01      
 87.3          2011.02      
 94.68         2011.03      
 92.27         2011.04      
 92.36         2011.05      
 95.28         2011.06      
 94.08         2011.07      
 98.03         2011.08      
 102.32        2011.09      
 103.43        2011.1       
 100.34        2011.11      
 98.45         2011.12      
 77.03         2012.01      
 86.57         2012.02      
 98.36         2012.03      
 88.38         2012.04      
 95.27         2012.05      
 95.08         2012.06      
 95.91         2012.07      
 100.61        2012.08      
 96.6          2012.09      
 103.52        2012.1       
 99.06         2012.11      
 91.87         2012.12      
 78.58         2013.01      
 74.44         2013.02      
 84.65         2013.03      
 88.57         2013.04      
 84.8          2013.05      
 94.3          2013.06      
 97.19         2013.07      
 88.25         2013.08      
 97.69         2013.09      
 103.62        2013.1       
 100.88        2013.11      
 92.49         2013.12      
