 3.7           1994.01      
 4.4           1994.02      
 4.3           1994.03      
 6.            1994.04      
 7.7           1994.05      
 8.4           1994.06      
 8.5           1994.07      
 9.1           1994.08      
 8.8           1994.09      
 10.2          1994.1       
 15.           1994.11      
 22.8          1994.12      
 7.2           1995.01      
 10.9          1995.02      
 11.4          1995.03      
 12.9          1995.04      
 16.2          1995.05      
 19.3          1995.06      
 20.1          1995.07      
 22.1          1995.08      
 24.           1995.09      
 26.2          1995.1       
 34.6          1995.11      
 62.           1995.12      
 17.           1996.01      
 18.           1996.02      
 22.8          1996.03      
 24.2          1996.04      
 24.           1996.05      
 27.           1996.06      
 27.3          1996.07      
 27.9          1996.08      
 30.           1996.09      
 32.           1996.1       
 48.9          1996.11      
 76.9          1996.12      
 22.5          1997.01      
 24.1          1997.02      
 26.6          1997.03      
 26.           1997.04      
 27.1          1997.05      
 32.3          1997.06      
 33.4          1997.07      
 36.           1997.08      
 39.5          1997.09      
 37.2          1997.1       
 41.2          1997.11      
 62.9          1997.12      
 22.1          1998.01      
 23.7          1998.02      
 26.1          1998.03      
 25.5          1998.04      
 26.6          1998.05      
 31.8          1998.06      
 32.9          1998.07      
 35.4          1998.08      
 39.3          1998.09      
 37.6          1998.1       
 41.9          1998.11      
 64.2          1998.12      
 28.5          1999.01      
 31.8          1999.02      
 36.5          1999.03      
 36.9          1999.04      
 41.4          1999.05      
 52.8          1999.06      
 56.2          1999.07      
 61.8          1999.08      
 67.6          1999.09      
 66.5          1999.1       
 72.           1999.11      
 118.4         1999.12      
 46.1          2000.01      
 55.8          2000.02      
 63.9          2000.03      
 64.5          2000.04      
 75.8          2000.05      
 95.7          2000.06      
 99.1          2000.07      
 112.9         2000.08      
 118.3         2000.09      
 114.6         2000.1       
 123.          2000.11      
 195.5         2000.12      
 66.7          2001.01      
 77.4          2001.02      
 86.2          2001.03      
 87.9          2001.04      
 106.1         2001.05      
 124.8         2001.06      
 127.7         2001.07      
 144.2         2001.08      
 149.2         2001.09      
 144.7         2001.1       
 150.2         2001.11      
 239.6         2001.12      
 78.1          2002.01      
 89.6          2002.02      
 102.4         2002.03      
 104.          2002.04      
 125.1         2002.05      
 147.3         2002.06      
 152.2         2002.07      
 167.          2002.08      
 175.3         2002.09      
 169.1         2002.1       
 174.3         2002.11      
 278.          2002.12      
 93.8          2003.01      
 110.6         2003.02      
 125.6         2003.03      
 129.9         2003.04      
 158.8         2003.05      
 181.9         2003.06      
 185.8         2003.07      
 204.8         2003.08      
 216.9         2003.09      
 209.6         2003.1       
 216.2         2003.11      
 352.5         2003.12      
 124.1         2004.01      
 149.9         2004.02      
 168.2         2004.03      
 170.7         2004.04      
 209.2         2004.05      
 246.4         2004.06      
 236.8         2004.07      
 270.5         2004.08      
 276.          2004.09      
 264.9         2004.1       
 290.9         2004.11      
 457.4         2004.12      
 148.1         2005.01      
 184.5         2005.02      
 207.9         2005.03      
 212.6         2005.04      
 250.6         2005.05      
 313.1         2005.06      
 306.5         2005.07      
 336.8         2005.08      
 350.3         2005.09      
 332.4         2005.1       
 382.5         2005.11      
 585.8         2005.12      
 176.3         2006.01      
 217.5         2006.02      
 264.6         2006.03      
 267.8         2006.04      
 340.6         2006.05      
 409.2         2006.06      
 381.5         2006.07      
 437.6         2006.08      
 468.2         2006.09      
 462.9         2006.1       
 508.6         2006.11      
 795.2         2006.12      
 255.3         2007.01      
 298.          2007.02      
 344.3         2007.03      
 364.5         2007.04      
 472.2         2007.05      
 577.7         2007.06      
 543.1         2007.07      
 584.2         2007.08      
 616.8         2007.09      
 684.7         2007.1       
 740.4         2007.11      
 1235.         2007.12      
 364.3         2008.01      
 447.3         2008.02      
 503.          2008.03      
 544.1         2008.04      
 672.2         2008.05      
 775.2         2008.06      
 725.5         2008.07      
 782.          2008.08      
 861.5         2008.09      
 879.          2008.1       
 877.4         2008.11      
 1350.1        2008.12      
 340.2         2009.01      
 426.2         2009.02      
 457.9         2009.03      
 485.          2009.04      
 562.5         2009.05      
 674.6         2009.06      
 633.4         2009.07      
 675.8         2009.08      
 751.8         2009.09      
 771.9         2009.1       
 831.3         2009.11      
 1365.4        2009.12      
 331.7         2010.01      
 421.2         2010.02      
 489.7         2010.03      
 527.2         2010.04      
 642.2         2010.05      
 793.1         2010.06      
 683.5         2010.07      
 794.7         2010.08      
 882.9         2010.09      
 931.2         2010.1       
 977.7         2010.11      
 1676.3        2010.12      
 367.8         2011.01      
 486.3         2011.02      
 567.9         2011.03      
 611.1         2011.04      
 766.9         2011.05      
 928.          2011.06      
 824.          2011.07      
 969.2         2011.08      
 1060.9        2011.09      
 1175.4        2011.1       
 1192.3        2011.11      
 2085.9        2011.12      
 458.3         2012.01      
 604.3         2012.02      
 706.7         2012.03      
 710.4         2012.04      
 930.3         2012.05      
 1088.         2012.06      
 971.          2012.07      
 1116.1        2012.08      
 1132.3        2012.09      
 1332.7        2012.1       
 1298.4        2012.11      
 2220.3        2012.12      
 498.3         2013.01      
 639.8         2013.02      
 751.2         2013.03      
 752.8         2013.04      
 995.2         2013.05      
 1120.8        2013.06      
 1054.2        2013.07      
 1137.         2013.08      
 1188.2        2013.09      
 1385.         2013.1       
 1361.         2013.11      
 2337.         2013.12      
